[-159.63550233840942, -75.2230577468872, -84.45222854614258, -86.03741598129272, -83.94681978225708, -95.68335247039795, -103.18552136421204, -140.26882529258728, -179.67768692970276, -205.39992117881775, -236.0081024169922, -249.52353262901306, -312.66811060905457, -330.0369715690613, -407.47926139831543, -397.0825753211975, -469.5293016433716, -492.4097077846527, -627.629264831543]

[3.931983232498169, 5.5361645221710205, 5.927649974822998, 6.633573532104492, 7.385283708572388, 7.6413493156433105, 7.951673746109009, 7.971896409988403, 7.859933376312256, 7.0991833209991455, 8.116798877716064, 8.100334405899048, 8.68629002571106, 8.738400936126709, 8.23737907409668, 8.799522161483765, 8.505430698394775, 9.004229545593262]

[0.0014777183532714844, 0.0012271404266357422, 0.0020699501037597656, 0.0026092529296875, 0.002303600311279297, 0.0029039382934570312, 0.002295255661010742, 0.0028946399688720703, 0.0028901100158691406, 0.002755403518676758, 0.003032684326171875, 0.0033850669860839844, 0.00426936149597168, 0.0027840137481689453, 0.002856016159057617, 0.0035500526428222656, 0.003969430923461914, 0.0036995410919189453]

evaluation = [82.73290514945984, 89.3053777217865, 96.4212236404419, 106.31071758270264, 111.3863205909729, 122.6330258846283, 169.7177233695984, 174.48376202583313, 191.06686115264893, 205.3897740840912, 225.92320013046265, 242.2440106868744, 292.8415470123291, 335.9379012584686, 350.41505432128906, 416.9380156993866, 398.9080641269684, 470.18047523498535

gen initialization = [4.90673041343689, 6.22907018661499, 7.165258169174194, 7.617174863815308, 7.127751111984253, 7.004035472869873, 7.860199928283691, 7.515406847000122, 7.220415353775024, 6.8206727504730225, 6.96273946762085, 6.458704233169556, 7.1251466274261475, 7.733144998550415, 7.291271448135376, 7.160726070404053, 7.407504320144653, 8.69465970993042

gen finalising = [0.001554727554321289, 0.0020170211791992188, 0.0025110244750976562, 0.0025529861450195312, 0.002855062484741211, 0.003127574920654297, 0.002859830856323242, 0.00296783447265625, 0.0033097267150878906, 0.0028247833251953125, 0.0036368370056152344, 0.003157377243041992, 0.003819704055786133, 0.004053831100463867, 0.0030236244201660156, 0.003477811813354492, 0.0030241012573242188, 0.0028738975524902344
